0.9844606946983547,36.479890310786104,0.9744854202401374,38.3201114922813,0.9540983606557376,37.84672131147542,0.9361192930780561,37.439248895434446,0.6873865698729583,32.22776769509983,0.805505415162455,31.247743682310475,0.28934368383909664,20.825688073394492,0.2984034465281298,20.426381145463765,0.42102759276879165,17.888320647002864,0.28712509144111187,15.985735186539868,
0.9548035967818268,36.80075721722668,0.4772004241781549,46.59862142099683,0.8254043767840152,23.499048525214082,0.8014971605575633,31.599122354155902,0.6977848101265823,15.136075949367093,0.4183266932270917,16.93326693227093,0.4916551961459049,13.598589125946328,0.41825353645266594,14.936751904243742,0.43868921775898523,14.069767441860458,0.42758971748536523,14.259353525069992,
0.32404181184668984,28.56010452961674,0.28287716955941256,32.678571428571445,0.21878646441073507,17.474912485414254,0.205746462604678,18.627634998556182,0.18580756673708468,14.343191857115434,0.19625535754568013,15.35528987141891,0.13933671119299862,12.49078765545829,0.20350159163256024,12.495452478399278,0.19332452081956375,13.707865168539309,0.16371605362667585,12.361206600206248,
0.5248698669751302,25.840080971659923,0.5150943396226415,25.126415094339645,0.7357521021488633,19.26969791342261,0.46045785639958375,24.127211238293448,0.37625418060200666,16.418364244451208,0.42024832855778416,16.99856733524352,0.535025706940874,15.838688946015418,0.312072269367643,14.421023816041627,0.3193626138189609,14.568157471880026,0.4571984435797666,16.269455252918284,
0.28735632183908044,18.503951149425287,0.48178331735378715,20.716682646212845,0.21798900235663785,16.861743912018827,0.6913245546088304,21.648915569326096,0.5089866749302758,18.974279516578893,0.4369431117203564,20.279300891021226,0.4646418857660925,19.71894832275613,0.4726890756302521,21.49947478991598,0.3909401179025752,19.435308718585173,0.6134328358208955,18.922388059701486,
0.3823703265848973,11.806930693069289,0.16540917005223446,12.970110272780044,0.21425838541002423,11.017089656931502,0.10606703436571913,11.166737378022889,0.21755382775119617,10.398848684210533,0.16046511627906979,10.516279069767439,0.11489698890649763,10.908280507131533,0.117337505333523,11.040392547290551,0.1550079491255962,11.514308426073125,0.18475210477081383,10.467726847521044,
0.4810554803788903,12.167456021650882,0.289002557544757,12.193094629156008,0.40230192719486085,11.430674518201293,0.23370497427101203,12.085120068610651,0.3736309033093864,11.014603698033183,0.27134277134277135,11.489703989703974,0.2825070571630205,11.531183839096691,0.2804780420860018,11.204540256175665,0.34977820405227195,11.898753147104667,0.22448739099693615,11.514258779165688,
0.346926354230067,14.949786975045667,0.5881636629322942,16.311495372625416,0.4117307136665704,14.499422132331699,0.3920792079207921,16.134653465346528,0.44321130008648024,14.69731911213608,0.5192473427176099,14.646653260557317,0.3278097982708934,14.475864553314107,0.4661697247706422,14.406536697247684,0.4540583980712563,14.877444414679877,0.4536656181950157,13.981974352770393,
0.8588621444201313,28.484682713347926,1.1464285714285714,37.178571428571416,0.4657794676806084,32.37167300380227,1.052405498281787,34.935567010309285,0.6231841952353283,26.287042417199288,0.3392779469334493,24.548716833405834,0.29721135029354206,22.36790606653622,0.44895336026441424,17.556004406904172,0.1997422680412371,15.225515463917539,0.2272727272727273,14.667207792207751,
0.21965044874822864,19.488663202645252,0.3205765407554672,22.600646123260443,0.20204081632653062,17.635714285714286,0.3756768953068592,18.39124548736461,0.234009360374415,14.818642745709827,0.30804480651731164,13.711812627291252,0.09104704097116845,14.009863429438557,0.3530362917714696,13.803449514911964,0.29569892473118276,14.318996415770597,0.3276564235468345,14.32802665679378,
0.47018348623853207,30.366972477064195,0.5911552346570397,34.39981949458484,0.14055742431523305,24.2047092743873,0.15111940298507462,15.075559701492532,0.5192557334487236,18.612072695802684,0.17365771812080538,12.82550335570469,0.4414912593649661,15.361220121298603,0.13899184581171237,13.765752409192007,0.22192716236722304,15.685698027314107,
0.3827662721893491,29.439718934911248,1.4411764705882353,34.94607843137254,0.6211656441717791,33.83435582822086,0.8663729809104257,31.486784140969167,0.3721644612476371,21.72022684310019,0.5102695763799743,24.16238767650833,0.21278782894736842,15.277549342105267,0.23834745762711862,15.291313559322022,0.2806712962962963,14.039351851851848,0.3904036827195468,14.381196883852708,
0.3542573026724673,18.673088875077692,0.347682119205298,17.850993377483444,0.3203517587939698,16.98994974874371,0.34258608573436405,17.86718200983836,0.24976213130352046,15.702901998097023,0.26282853566958697,15.278473091364207,0.14548080891456872,13.597812628972358,0.5326855123674913,14.472614840989387,0.1838074398249453,14.707877461706783,0.5056179775280899,15.22834360275463,
0.34079173838209986,13.77882960413083,0.27060270602706027,13.357933579335805,0.19498352251922374,13.27810325887953,0.26613816534541335,13.915628539071356,0.16659407665505227,14.287891986062718,0.2006172839506173,11.657848324514994,0.11824324324324326,12.052364864864856,0.4419365954514128,12.606822880771883,0.3050961108627626,13.642154671434959,0.376131221719457,13.662330316742073,
0.17744479495268137,16.415615141955833,0.38229111928533893,14.716237519705729,0.2169745555942837,11.596375043569202,0.3368611254517296,14.357253484770256,0.17660044150110377,12.549668874172177,0.2563249001331558,12.536617842876138,0.1275787187839305,12.896308360477743,0.3632380073800738,13.28067343173433,0.32365633581796777,13.181639858768133,0.3770423125261835,13.366149979053217,
0.13719512195121952,13.777439024390251,0.27474668745128605,14.716484801247038,0.14382102272727273,14.613813920454533,0.22041302621127878,14.892772041302623,0.15167930660888412,15.62026002166849,0.46875,17.558444656488533,0.16362748290459134,13.595734288505367,0.3517206477732793,14.344635627530359,0.12215812690872072,13.816593145571769,0.32187499999999997,16.212499999999977,
1.0145793499043976,34.2841778202677,2.2270165551250436,31.674885523071513,0.9380188157166574,38.22219147758716,2.974704336399474,22.406373193166893,1.6925324082526931,19.192988862515975,0.46635576282478347,14.508660892738172,0.8861671469740633,12.350340581608572,0.6545781893004116,11.649948559670781,0.9942953559376506,11.86646312068137,
0.8463035019455252,28.58671484157863,2.977134146341464,22.27362804878051,0.6906976744186046,15.21162790697673,1.2162162162162162,13.221649484536073,0.5132192846034214,12.748833592535009,1.0342363190852166,11.804383337870943,0.6315263274827817,12.630526549655645,1.199703515459551,11.344769165607788,0.8500174094707522,11.555536211699163,1.1289674568099637,11.455403776617102,
1.165924276169265,27.755011135857455,1.4661815068493151,25.697773972602715,0.49741858617950757,17.704527402700553,0.6889352818371608,12.420105990043366,0.4603262372131601,13.639756704451196,0.8561264822134387,11.632411067193692,0.35426980198019803,12.288056930693058,0.47902539031698466,12.517347421542356,0.5066959824105537,11.628522886268215,0.8662361623616236,11.39114391143913,
0.8072100313479622,35.289968652037615,2.848160955674316,25.21376925495128,1.036350505536832,29.36085700529611,2.5255847953216377,22.55116959064327,0.8753602305475506,22.167687319884713,1.9855086559035204,18.206574596382044,0.7364690721649485,17.21520618556701,1.418724279835391,13.138888888888902,0.7357288010345465,12.666728246813232,1.147517929967656,11.473069891717042,
0.7702702702702703,19.61226611226613,1.2791545189504372,17.13739067055393,0.5268935236004391,15.408891328210752,1.0645375914836994,17.358616101131076,0.5445304937076477,18.826234269119063,1.6101379053298548,15.946235557212068,0.8544014620773683,15.271855010660968,1.4257888585897935,15.812232177639252,0.9899635036496348,16.49178832116788,1.398279352226721,14.880060728744919,
1.4456800684345592,14.18306244653552,0.8617565551055212,13.362822425921957,0.9153543307086615,13.656496062992112,0.8786610878661087,13.004844747852907,0.8270615183246075,13.758180628272246,0.704271274861428,12.048418650146727,0.7389082209656372,12.64136581122225,0.8151892172109902,12.251166407465027,0.8184351056419783,12.05537497097747,0.9486709440879927,13.783226397800195,
0.5553960964408726,15.33366819747419,0.9591875117547489,13.39195034794055,0.5751587861679605,12.597035991531413,1.1965460526315788,12.134793660287059,0.979618671926364,12.615055884286653,0.9794396746497964,12.929281518300947,0.6543727012668574,13.29740498569677,1.2061623246492985,12.591432865731464,0.9587597832630946,13.07495484647802,1.125261688764829,12.05547801814373,
0.7429700422716411,12.848281565888628,1.1668594563331407,12.847021399652977,1.0611579754601226,12.784221625766873,1.1683863328822732,12.09616035182678,0.8893956670467503,12.339295895096917,1.2273203070481506,12.515265177948349,0.974695079209309,12.355600729006042,1.025724167747514,11.387808041504517,1.2700256328099968,11.863985901954488,0.9758185319922961,12.806013267708106,
0.36694101508916327,35.2434842249657,0.6591604722343681,41.10406646261477,0.4420152091254753,38.94011406844106,0.5096051227321239,39.89861259338313,0.40894511760513186,35.679793300071275,0.4142282370153621,34.668983174835404,0.2058995327102804,24.933557242990677,0.3317605426127986,28.018283692126218,0.1296185935637664,12.943980929678192,0.1213301378070701,14.111743559017382,
0.44062887877534135,39.997931319817965,0.3440685820203893,20.263554216867483,0.43169608595548736,25.15732924021491,0.15446224256292906,12.372581651757844,0.2045805455481214,12.223365928975827,0.21534653465346534,13.366336633663371,0.27304550758459745,13.946324387397896,0.15636136849607984,12.038488952245164,0.18347338935574226,12.511204481792706,
0.3498542274052478,34.553571428571445,0.44148563419761744,36.33321653819202,0.24459234608985028,29.842762063227934,0.20412642669007902,26.659350307287095,0.07077625570776255,11.647260273972607,0.0797872340425532,13.274432023079727,0.06175771971496437,10.073634204275553,0.0710405348934392,10.454450480568337,0.07931421246595097,9.89745233135716,0.11904761904761904,10.058910162002961,
0.4028776978417266,33.780575539568346,0.7930607187112763,40.9014869888476,0.5261248185776488,41.23730043541366,0.6577540106951871,37.40374331550801,0.3148573302722204,28.17727123647098,0.31418312387791736,28.491921005385997,0.19688420019627084,19.830103042198232,0.3672680412371134,24.315077319587612,0.218384697130712,13.374070138150909,0.24161735700197245,13.884368836291921,
0.09573304157549234,19.742888402625816,0.2568324003951268,21.156568982548567,0.2676696990902729,18.9389433170049,0.19383259911894274,20.645374449339215,0.13387770603873908,20.53740979870871,0.22361939331086336,20.49325900959294,0.15015015015015015,20.155155155155157,0.1689890305366143,19.82063445004447,0.2459415584415584,19.855519480519458,0.34125,19.69312499999999,
0.15367965367965367,11.323593073593065,0.1222480948348857,14.70946232006775,0.10790453622207177,13.192281651997275,0.11209414190001717,12.870211303899653,0.09702797202797203,12.355332167832172,0.10787486515641856,13.323894282632155,0.13476451673917156,11.680537166635139,0.09106239460370993,12.274451939291737,0.08715596330275228,13.691131498470947,0.10162213740458016,12.742843511450378,
0.2055094009619589,12.070397901180574,0.2689140504374678,13.140761708697891,0.2116728318947801,11.991368680641191,0.23023143683702987,14.555207328833164,0.18469750889679715,12.132384341637033,0.29773366908606136,12.875870241445723,0.20981507823613085,13.218349928876227,0.19536281665951055,11.880635465865172,0.2377025670443138,11.382833787465936,0.16164280331574982,12.649962321024882,
0.15014866204162536,13.12388503468782,0.16510903426791276,12.529595015576325,0.13503253796095446,12.190347071583517,0.14477549307595466,13.780423835501466,0.15804597701149425,13.371647509578558,0.11883802816901408,13.070715962441305,0.17712372224180473,12.540095170955224,0.20922746781115875,12.290772532188862,0.2084131851284017,12.027596780375635,0.0762367291619607,12.806076349672471,
0.6352459016393444,35.15368852459015,2.0673076923076925,29.605769230769205,1.2243150684931507,27.744006849315063,0.44334975369458124,21.164672765657997,0.6312217194570137,16.069004524886875,1.589359810314167,13.884113811499713,0.6907894736842105,11.804311310190357,1.2296845124282982,11.735779158699797,
0.437219730941704,23.363228699551556,0.7061978545887962,13.741805721096561,2.1899012074643247,13.649835345773877,0.6430897250361793,11.757416787264841,1.5441176470588238,10.15708556149733,0.6382515248329945,9.741504501887896,1.7704835460040298,9.655809267965063,1.0290237467018468,9.378533735393923,1.510586319218241,9.157166123778472,
0.8259045621394862,20.207131620346093,0.24137126865671643,14.149953358208943,0.8142301038062284,14.406358131487899,0.22497554613628953,9.859797848060014,0.43855932203389825,9.900423728813552,0.4333966359196962,10.071893651654902,0.5890603085553997,10.649368863955136,0.8600469116497264,10.402658326817818,
0.6133828996282529,31.542750929368037,0.6905241935483871,26.209677419354822,3.0111111111111106,21.12592592592593,0.5670816044260029,16.120331950207472,2.3202341137123748,16.338837792642135,1.033210332103321,11.999538745387445,1.8342281879194626,11.32147651006709,1.1962488563586458,10.99725526075019,1.6267778993435449,10.072483588621456,
1.105263157894737,11.869565217391314,0.4021360069747167,10.83805579773321,1.159720577788302,11.091049017286256,0.23893805309734512,12.010619469026555,1.3338357196684252,10.495478522984193,0.5116580310880829,11.079447322970637,1.023517721099702,11.405266644584291,0.5204372623574144,10.636882129277557,0.9241815935762816,10.928042001235339,
0.5131578947368421,11.416353383458642,0.29193418940609955,9.170345104333869,0.31431005110732535,10.43611584327089,0.3252551020408163,10.227769679300295,0.3404869995872885,10.97606273215023,0.4901960784313726,11.045751633986923,0.474609375,11.73632812500002,
0.6311515748031495,11.316437007874034,0.7940738904041656,9.532606000495921,1.3534458898422363,9.073484638804327,1.3873343151693667,9.218703976435954,0.7399859451862263,8.332747716092745,1.3426453819840367,9.370724059293053,1.4655643618474992,9.50464607816341,0.9235453315290933,8.673207036535857,
1.1378504672897196,9.329439252336451,1.2936681222707425,10.08187772925765,1.4176602086438153,9.003353204172873,1.309486290576741,9.79987393633786,1.504491017964072,9.712847033206328,1.1278012341669372,11.217115946735943,1.44434628975265,10.167844522968206,1.055302765138257,10.437521876093777,1.3417235494880546,8.995307167235504,0.6057966423820083,11.011244852708298,
